,,,ner,,,ne0,,,ne1,,,np0,,,ne2,,,np1,,,neg,,,cjo,,,cjm,,,ceo,,,cem,,,cpo,,,cpod1,,,cpod2,,,cpm,,,cpmd,,,cjc,,,iqs,,,iqt,,
Debug rom,,Notes,Offset,VRAM,Size,Offset,VRAM,Size,Offset,VRAM,Size,Offset,VRAM,Size,Offset,VRAM,Size,Offset,VRAM,Size,Offset,VRAM,Size,Offset,VRAM,Size,Offset,VRAM,Size,Offset,VRAM,Size,Offset,VRAM,Size,Offset,VRAM,Size,Offset,VRAM,Size,Offset,VRAM,Size,Offset,VRAM,Size,Offset,VRAM,Size,Offset,VRAM,Size,Offset,VRAM,Size,Offset,VRAM,Size
idle,,,005DD0,80006230,30,005DD0,80006230,30,005DD0,80006230,30,006280,800066E0,50,62E0,80006740,50,006280,800066E0,50,63C0,80006820,,5C50,800060B0,40,5C50,800060B0,40,5C50,800060B0,40,5C50,800060B0,40,5C50,800060B0,40,,,,,,,5C50,800060B0,40,8FD0,800093F0,20,5C50,800060B0,40,,,,,,
,,Not viconfig which does not exist sometimes,005E00,80006260,10,005E00,80006260,10,005E00,80006260,10,62D0,80006730,10,6330,80006790,10,62D0,80006730,10,,,,5C90,800060F0,10,5C90,800060F0,10,5C90,800060F0,10,5C90,800060F0,10,5C90,800060F0,10,,,,,,,5C90,800060F0,10,8FF0,80009410,10,5C90,800060F0,10,,,,,,
z_std_dma,,,005E10,80006270,10,005E10,80006270,10,005E10,80006270,10,62E0,80006740,10,6340,800067A0,10,62E0,80006740,10,,,,5CA0,80006100,10,5CA0,80006100,10,5CA0,80006100,10,5CA0,80006100,10,5CA0,80006100,10,,,,,,,5CA0,80006100,10,9000,80009420,1800,5CA0,80006100,10,,,,,,
z_locale,,,005E20,80006280,10,005E20,80006280,10,005E20,80006280,10,62F0,80006750,10,6350,800067B0,10,62F0,80006750,10,,,,5CB0,80006110,10,5CB0,80006110,10,5CB0,80006110,10,5CB0,80006110,10,5CB0,80006110,10,,,,,,,5CB0,80006110,10,A800,8000AC20,10,5CB0,80006110,10,,,,,,
CIC6105,,,005E30,80006290,40,005E30,80006290,40,005E30,80006290,40,6300,80006760,40,6360,800067C0,40,6300,80006760,40,,,,-,-,-,-,-,-,-,-,-,-,-,-,-,-,-,,,,,,,-,-,-,,,,-,-,-,,,,,,
driverominit,,,005E70,800062D0,10,005E70,800062D0,10,005E70,800062D0,10,6340,800067A0,10,63A0,80006800,10,6340,800067A0,10,,,,5CC0,80006120,10,5CC0,80006120,10,5CC0,80006120,10,5CC0,80006120,10,5CC0,80006120,10,,,,,,,5CC0,80006120,10,A810,8000AC30,10,5CC0,80006120,10,,,,,,
stackcheck,,,005E80,800062E0,10,005E80,800062E0,10,005E80,800062E0,10,6350,800067B0,10,63B0,80006810,10,6350,800067B0,10,,,,5CD0,80006130,10,5CD0,80006130,10,5CD0,80006130,10,5CD0,80006130,10,5CD0,80006130,10,,,,,,,5CD0,80006130,10,A820,8000AC40,10,5CD0,80006130,10,,,,,,
piacs,,,005E90,800062F0,10,005E90,800062F0,10,005E90,800062F0,10,6360,800067C0,10,63C0,80006820,10,6360,800067C0,10,,,,5CE0,80006140,10,5CE0,80006140,10,5CE0,80006140,10,5CE0,80006140,10,5CE0,80006140,10,,,,,,,5CE0,80006140,10,A830,8000AC50,10,5CE0,80006140,10,,,,,,
,vimodepallan1,,-,-,-,-,-,-,-,-,-,6370,800067D0,50,63D0,80006830,50,6370,800067D0,50,,,,5CF0,80006150,50,5CF0,80006150,50,5CF0,80006150,50,5CF0,80006150,50,5CF0,80006150,50,,,,,,,5CF0,80006150,50,A840,8000AC60,50,5CF0,80006150,50,,,,,,
,initialize,,-,-,-,-,-,-,-,-,-,-,-,-,-,-,-,-,-,-,,,,5D40,800061A0,20,5D40,800061A0,20,5D40,800061A0,20,5D40,800061A0,20,5D40,800061A0,20,,,,,,,5D40,800061A0,20,A890,8000ACB0,20,5D40,800061A0,20,,,,,,
exceptasm,,,005EA0,80006300,30,005EA0,80006300,30,005EA0,80006300,30,63C0,80006820,30,6420,80006880,30,63C0,80006820,30,,,,5D60,800061C0,30,5D60,800061C0,30,5D60,800061C0,30,5D60,800061C0,30,5D60,800061C0,30,,,,,,,5D60,800061C0,30,A8B0,8000ACD0,30,5D60,800061C0,30,,,,,,
thread,,,005ED0,80006330,20,005ED0,80006330,20,005ED0,80006330,20,63F0,80006850,20,6450,800068B0,20,63F0,80006850,20,,,,5D90,800061F0,20,5D90,800061F0,20,5D90,800061F0,20,5D90,800061F0,20,5D90,800061F0,20,,,,,,,5D90,800061F0,20,A8E0,8000AD00,20,5D90,800061F0,20,,,,,,
initialize,,,005EF0,80006350,20,005EF0,80006350,20,005EF0,80006350,20,6410,80006870,20,6470,800068D0,20,6410,80006870,20,,,,-,-,-,-,-,-,-,-,-,-,-,-,-,-,-,,,,,,,-,-,-,,,,-,-,-,,,,,,
pimgr,,,005F10,80006370,30,005F10,80006370,30,005F10,80006370,30,6430,80006890,30,6490,800068F0,30,6430,80006890,30,,,,5DB0,80006210,30,5DB0,80006210,30,5DB0,80006210,30,5DB0,80006210,30,5DB0,80006210,30,,,,,,,5DB0,80006210,30,A900,8000AD20,30,5DB0,80006210,30,,,,,,
seteventmesg,,,005F40,800063A0,10,005F40,800063A0,10,005F40,800063A0,10,6460,800068C0,10,64C0,80006920,10,6460,800068C0,10,,,,5DE0,80006240,10,5DE0,80006240,10,5DE0,80006240,10,5DE0,80006240,10,5DE0,80006240,10,,,,,,,5DE0,80006240,10,A930,8000AD50,10,5DE0,80006240,10,,,,,,
xprintf,,,,,,,,,,,,,,,,,,,,,,,,,,,,,,,,,,,,,,,,,,,,,,,,A940,8000AD60,50,,,,,,,,,
timerintr,,,005F50,800063B0,10,005F50,800063B0,10,005F50,800063B0,10,6470,800068D0,10,64D0,80006930,10,6470,800068D0,10,,,,5DF0,80006250,10,5DF0,80006250,10,5DF0,80006250,10,5DF0,80006250,10,5DF0,80006250,10,,,,,,,5DF0,80006250,10,A990,8000ADB0,10,5DF0,80006250,10,,,,,,
vimodentsclan1,,,005F60,800063C0,50,005F60,800063C0,50,005F60,800063C0,50,-,-,-,64E0,80006940,50,-,-,-,,,,5E00,80006260,50,5E00,80006260,50,5E00,80006260,50,5E00,80006260,50,5E00,80006260,50,,,,,,,5E00,80006260,50,A9A0,8000ADC0,50,5E00,80006260,50,,,,,,
vimodempallan1,,,005FB0,80006410,50,005FB0,80006410,50,005FB0,80006410,50,-,-,-,6530,80006990,50,-,-,-,,,,5E50,800062B0,50,5E50,800062B0,50,5E50,800062B0,50,5E50,800062B0,50,5E50,800062B0,50,,,,,,,5E50,800062B0,50,A9F0,8000AE10,50,5E50,800062B0,50,,,,,,
vi,,,006000,80006460,70,006000,80006460,70,006000,80006460,70,6480,800068E0,70,6580,800069E0,,6480,800068E0,70,,,,5EA0,80006300,70,5EA0,80006300,70,5EA0,80006300,70,5EA0,80006300,70,5EA0,80006300,70,,,,,,,5EA0,80006300,70,AA40,8000AE60,70,5EA0,80006300,70,,,,,,
vimodepallan1,,,006070,800064D0,50,006070,800064D0,50,006070,800064D0,50,-,-,-,-,-,-,-,-,-,,,,-,-,-,-,-,-,-,-,-,-,-,-,-,-,-,,,,,,,-,-,-,,,,-,-,-,,,,,,
,vimodentsclan1,,-,-,-,-,-,-,-,-,-,64F0,80006950,50,-,-,-,64F0,80006950,50,,,,-,-,-,-,-,-,-,-,-,-,-,-,-,-,-,,,,,,,-,-,-,,,,-,-,-,,,,,,
,vimodempallan1,,-,-,-,-,-,-,-,-,-,6540,800069A0,50,-,-,-,6540,800069A0,50,,,,-,-,-,-,-,-,-,-,-,-,-,-,-,-,-,,,,,,,-,-,-,,,,-,-,-,,,,,,
cartrominit,,,0060C0,80006520,10,0060C0,80006520,10,0060C0,80006520,10,6590,800069F0,10,65F0,80006A50,10,6590,800069F0,10,,,,5F10,80006370,10,5F10,80006370,10,5F10,80006370,10,5F10,80006370,10,5F10,80006370,10,,,,,,,5F10,80006370,10,AAB0,8000AED0,10,5F10,80006370,10,,,,,,
vimodefpallan1,,,-,-,-,-,-,-,-,-,-,65A0,80006A00,50,-,-,-,65A0,80006A00,50,,,,-,-,-,-,-,-,-,-,-,-,-,-,-,-,-,,,,,,,-,-,-,AAC0,8000AEE0,50,-,-,-,,,,,,
xlitob,,,,,,,,,,,,,,,,,,,,,,,,,,,,,,,,,,,,,,,,,,,,,,,,AB10,8000AF30,30,,,,,,,,,
vimgr,,,0060D0,80006530,20,0060D0,80006530,20,0060D0,80006530,20,65F0,80006A50,20,6600,80006A60,20,65F0,80006A50,20,,,,5F20,80006380,20,5F20,80006380,20,5F20,80006380,20,5F20,80006380,20,5F20,80006380,20,,,,,,,5F20,80006380,20,AB40,8000AF60,20,5F20,80006380,20,,,,,,
.rodata,,,0060F0,80006550,,0060F0,80006550,,0060F0,80006550,,006610,80006A70,,6620,80006A80,,006610,80006A70,,,,,5F40,800063A0,,5F40,800063A0,,5F40,800063A0,,5F40,800063A0,,5F40,800063A0,,,,,,,,5F40,800063A0,,AB60,8000AF80,,5F40,800063A0,,,,,,,